1.011998814754932e+00,5.426029656510803e-01,1.061372058807683e-02,-1.107658624455043e-02,4.373946098256828e-02,-1.972138008594743e-02,-1.478207126946807e-02,-2.785208154129222e-02,-4.281161373536168e-03,4.868843167852952e-02,-3.563455010907924e-03,3.980581149735553e-02,1.997700709817917e-02,-2.636412703311685e-02,2.031172197613373e-02,3.358747048988504e-02,-1.189509637782145e-02,-4.369684881857058e-02,2.710785292470641e-03,-2.947167394388408e-02,-1.244858762899759e-03,-5.925297064879709e-03,-2.605631350507909e-03,-1.932584599960998e-02,-2.825537166353165e-03,4.833607132898626e-02,3.437114643983939e-02,1.151725807755910e-04,2.931008381711013e-02,4.233586132727842e-02,2.028018345797831e-02,3.068980419952134e-02,-3.338797313690106e-02,-2.549313453215647e-02,-3.735341199688320e-02,-3.010482134427037e-02,1.126553201015146e-03,3.783532227009215e-02,-3.021250872344361e-03,-9.481535383101869e-03,-1.119903058266756e-02,4.770330225234454e-02,2.231513011902581e-02,4.611835791912457e-02,-4.912689289415842e-02,4.990184274665369e-02,-2.332854172980244e-02,-1.690307362625961e-02,-3.262296179890291e-02,-1.782175387279015e-02,3.960228320412973e-03,-1.958108089687384e-02,1.360499372308949e-02,1.178296620632126e-02,-2.364749954635481e-02,-4.812510184377381e-02,3.654208805794923e-03,-3.514985929408983e-02,-7.431958982566278e-03,4.808490093854016e-02,3.129427613657661e-02,-6.238344704263987e-03,-4.462122546411079e-02,4.279816690927665e-02,1.823718025485544e-03,2.743067694022582e-02,1.193549328591682e-02,-1.032149669511210e-02,2.243094548082417e-02,-1.504741007364496e-03,3.570591825597132e-02,-1.460932370095467e-02,3.346562860119189e-02,-4.608390372856908e-02,-9.377309188797679e-03,3.543060522533764e-02,-7.927283844347001e-03,7.772060963977223e-03,3.147807060162044e-02,2.782312672607120e-02
5.426029656510803e-01,1.028831708843698e+00,3.143219620044740e-01,-1.760320916332169e-02,3.959663142922235e-02,-2.592803044389771e-02,-4.129063912474241e-02,1.216524962166586e-02,-2.433849255824183e-03,4.590745722275828e-02,-3.349061617144452e-02,6.987658590161316e-03,-2.650241946341240e-02,9.151334636421505e-03,4.310978690946376e-02,2.044507343588471e-02,-2.260166024418036e-02,-4.454467183269006e-02,3.938587085949076e-02,-4.615032725117792e-02,-3.139041609626705e-02,-2.565157365591199e-02,-2.932180833381118e-02,-4.311360872996255e-02,3.807045830168920e-02,-1.691245031796200e-02,1.060805196966107e-02,-3.384581202674391e-02,-2.909508115762347e-02,1.033038723549107e-02,-4.188922108648852e-04,-3.258475474348533e-03,-1.882983594311547e-02,1.134765150623914e-02,2.294689422060616e-02,-4.041754211486587e-02,-4.083227058345395e-03,2.390754144941638e-02,2.756594668290052e-02,-1.661878928436957e-02,2.229688411420262e-02,2.968958925319951e-02,1.251594260870230e-02,5.058501481926370e-03,4.438844487801963e-03,-4.731543859918502e-02,4.485694486777503e-03,-1.847123725358490e-03,2.614533060611312e-02,-3.006208807574692e-02,-4.344106303173526e-02,-4.653226063717089e-02,2.347984781478654e-02,1.897116545251221e-03,-4.821056480847480e-02,-8.151107421132430e-03,2.572150069400714e-02,-4.863300406099141e-02,1.713655385179337e-02,4.693389688601510e-02,-2.049865056148592e-03,1.913212010211004e-02,-1.425534236279143e-02,2.618774301599137e-02,1.697423316991927e-02,-1.058083460783548e-02,4.403844915720926e-02,2.513820418053939e-02,-4.978330052410203e-02,2.879760473485404e-02,1.834624043284366e-02,-6.364383951676156e-03,2.618987215923513e-02,-3.467346334941968e-02,3.066022012393799e-03,-8.529748417477790e-03,-3.365051097675077e-02,-4.064688808317956e-02,2.487786112339032e-02,-5.085616503714918e-03
1.061372058807683e-02,3.143219620044740e-01,1.011493267858599e+00,2.986845008488794e-01,4.160527228028335e-02,2.164355581750710e-02,1.104463326600569e-03,-4.163451624337984e-02,-4.642498377971158e-02,-8.631679809887927e-03,-2.529667088817855e-03,-3.508620698372257e-02,-4.541060140179629e-02,3.005012277130274e-02,-2.814683936546970e-02,2.143386809335721e-02,3.746672955703930e-02,-6.076643409099691e-03,-6.792775842493593e-03,-1.077662445674024e-02,-1.507417273332160e-02,1.626816336810365e-02,2.846014755457147e-02,-6.011549692273466e-03,2.573783444317799e-02,-4.118507409762511e-02,2.806001929496131e-02,-3.252527984892901e-02,3.461568379121049e-02,-8.178624101698407e-03,-2.749926388704340e-02,-4.540818289558365e-02,-1.431093529146593e-02,-4.040809408183060e-02,-3.112965288169200e-02,-1.756938160513211e-02,-3.348624414853931e-02,-1.001589103116407e-02,-3.091787524160690e-02,-5.198305040091511e-03,-1.692099437557191e-02,-8.665228890160482e-03,-4.178412492068873e-02,3.812914030057188e-02,-3.500625328840599e-02,2.822258784087546e-02,-4.013247000516454e-02,2.135584053689337e-02,-3.166193876991105e-02,-7.017932041847686e-03,4.740669260534735e-02,-3.322416250222428e-02,2.910826665630189e-02,-4.879407803961056e-02,-4.029113449289731e-02,1.544520158472173e-02,-3.831319967737194e-02,-3.626063550840432e-02,-3.143622640993826e-03,-4.076668920031588e-02,2.353809263037656e-02,-2.401901547023516e-02,-2.738796746137262e-02,2.560228638502211e-02,-1.366682142179095e-02,4.949189046225466e-02,-3.297319910336972e-02,-2.214107519652952e-02,-4.790917625518776e-03,2.550243220362762e-02,3.234417260899791e-03,2.757128820047061e-02,4.873792855844829e-02,-2.359089531176428e-03,-3.255994853307458e-02,-1.417381636889327e-02,-3.456073406007879e-02,-3.977200845506468e-02,4.435994082279692e-02,2.178145566890166e-03
-1.107658624455043e-02,-1.760320916332169e-02,2.986845008488794e-01,9.654772932443570e-01,3.688959615260988e-01,2.699032556236471e-02,3.230344770082793e-02,2.898762597659121e-02,3.594058854017915e-02,-2.521160354130947e-02,-1.006973237773484e-02,2.268985106283934e-02,-2.594382737790321e-02,1.127817398820110e-02,-2.571707827492541e-02,4.506160709392784e-02,4.872939804476023e-02,5.221814272308112e-03,4.592148672112118e-03,-4.876060569645675e-02,-6.534468706034080e-03,1.987090139238357e-03,-1.178079762879192e-02,5.983060065520085e-03,-4.484352306566276e-02,2.631099482892331e-02,-3.321828362547909e-02,-3.297641655390398e-02,4.343294923461408e-02,-4.443486749680351e-02,2.065992531262718e-02,5.305744456289585e-03,-1.760662737899208e-02,-4.125046444106138e-02,-3.298141043379177e-02,-2.435153217355899e-02,1.879232092215286e-02,-1.215877637176310e-02,-1.999769005024086e-02,6.187867343837395e-03,2.421734598122899e-02,2.665635198274584e-02,-8.591308437915302e-03,-1.390653683655080e-02,-7.284383704425079e-04,1.713785738804727e-02,7.701270135966665e-03,3.074887374944916e-02,-3.571005409417074e-02,3.833400942960669e-02,-4.938903145001799e-02,4.684792726869758e-02,-3.807666285309419e-03,3.478645364552459e-02,-1.165781256346445e-02,-2.943015402442294e-02,-1.511523651695796e-02,-1.403370814574900e-02,1.730398442137649e-02,-4.729458037459841e-02,1.577251303137285e-02,-4.204568579916628e-02,2.844073269037282e-02,-4.502431125466777e-04,2.015805753109746e-02,-1.479922864481320e-03,1.669652199109459e-02,3.409554155518033e-02,-1.350899158151584e-02,2.228264136550548e-02,-4.754345855199096e-02,2.439242305870073e-02,1.130191435570658e-02,2.595146086093342e-02,1.958639674028375e-02,7.129071222735717e-03,4.108802082412588e-02,2.560447122325395e-02,1.799945023448177e-02,2.572336165609638e-02
4.373946098256828e-02,3.959663142922235e-02,4.160527228028335e-02,3.688959615260988e-01,1.047863035996971e+00,3.624573467320966e-01,-2.765610388592417e-02,-4.811878646682845e-02,-3.353191910263420e-03,-1.958437755405862e-03,4.999444746779369e-02,2.182558622034929e-02,-1.056763926191270e-02,-1.097630063068886e-02,-2.316849553486392e-02,1.392249363904085e-02,4.645731394346269e-02,-4.694098196525005e-02,8.971893521784924e-03,-1.679329328183888e-02,1.046751050321515e-02,2.205877378058126e-02,-2.648466594818614e-02,3.057133609052711e-02,1.387434459245177e-02,-9.798063995863882e-03,-3.969113439644470e-02,-1.233701043509314e-02,-3.924678015554637e-02,4.548286681863298e-02,-3.822136482749512e-02,1.290789361975722e-02,-2.219810888570253e-02,-3.006052792212661e-02,-3.341872990990498e-02,-2.948647845242515e-02,-1.169216967633059e-02,-1.806103686301270e-02,-2.296669444699449e-02,6.756052564982529e-03,-3.169983577022110e-02,-1.297044584044221e-02,-3.839863637705994e-02,-7.080501383299698e-03,-4.746462453639026e-02,4.025559600430633e-02,-3.411109352737081e-02,4.177987879833545e-02,2.578721668393798e-02,9.888813118847206e-03,4.934531656620255e-02,-6.863931674418911e-03,-2.284300330115621e-02,-1.278201502064715e-02,-4.810920455398954e-02,-3.372980266869897e-02,2.411474099362891e-02,-3.686977719036091e-02,-1.534811148543578e-02,-4.515686020575532e-02,3.361296724856108e-02,-2.130261617995256e-02,-1.111022467329963e-02,-3.426135643168855e-02,-2.782941265014754e-02,-2.738242747233843e-03,6.146696932751195e-03,2.783861273371567e-02,4.244823339121984e-03,-2.353762456368052e-02,2.112302542628589e-02,2.631177495673509e-02,-3.606217557917579e-02,-4.795954637093761e-02,-1.657499262310973e-02,-1.371138392434778e-02,-2.833508530497861e-02,-3.284416689758275e-02,-4.091839813326860e-02,1.478235021164753e-02
-1.972138008594743e-02,-2.592803044389771e-02,2.164355581750710e-02,2.699032556236471e-02,3.624573467320966e-01,1.023001173403498e+00,3.431591390660797e-01,-3.571547614849285e-02,8.646902020895686e-05,4.410446863897161e-02,-2.836242345906854e-02,-4.305531979082522e-02,-2.268897762784091e-02,7.979179997889274e-03,-3.190971971933343e-02,-3.249758489490363e-02,2.210597778729145e-02,1.732679009093023e-02,4.301708999587487e-02,-1.625192953180672e-02,7.719394261409485e-03,-3.950269427352483e-02,-5.801986823994154e-03,1.376602278216577e-03,2.897322315192428e-02,-4.977815404767615e-02,3.453356055466683e-03,-1.959040586685748e-02,-3.482042588872235e-02,-1.326705979593954e-02,-2.279349445288747e-02,8.835899473050713e-03,-2.044451536925075e-02,2.498885720975827e-02,3.001028622377233e-02,-6.650235886815493e-03,7.045352240592818e-03,-2.935199658272522e-02,-2.342631562820752e-03,4.153298469975934e-02,-2.424429526295671e-02,4.630840608677798e-02,-3.561936278431303e-02,2.524865845335669e-02,-3.499506359760940e-02,2.196839549810865e-02,-3.163972214249333e-02,-4.937303696772707e-02,-3.209002961818188e-02,2.911369538629277e-02,-1.102699629366639e-02,2.909498893710042e-02,-2.710262550920173e-02,-2.337730383709787e-02,2.497613147031681e-02,1.953986474059346e-02,6.651627188101927e-03,4.053403855480571e-02,2.894883505329494e-02,1.728944640426927e-02,7.204118455699105e-03,4.580169879938354e-02,-3.299750961771551e-02,1.309523904224180e-02,4.158914082104691e-02,-2.801942048000425e-02,8.290361868022390e-03,6.722905286271220e-03,-4.556095164523241e-02,1.884009388698672e-02,4.504493738113716e-02,5.074875268489865e-03,1.536534744523022e-02,2.953477375903845e-02,3.158349564478152e-02,1.623803759098847e-02,4.029058629558599e-02,-3.146559404676052e-02,-3.961685641848380e-02,2.506059215762367e-02
-1.478207126946807e-02,-4.129063912474241e-02,1.104463326600569e-03,3.230344770082793e-02,-2.765610388592417e-02,3.431591390660797e-01,9.585374090814579e-01,3.393819700438035e-01,2.701619383754532e-02,-3.091110925099498e-02,-1.760508139569533e-02,2.875731480774657e-03,-3.838416083354369e-02,-4.540314663728175e-02,-1.008132741163146e-02,3.547483641280385e-02,6.390071395136510e-03,2.388404890749293e-02,-3.563529971379683e-02,-4.340277887753505e-02,6.350405657897019e-04,-2.993571413722779e-02,-4.678597884458179e-02,-3.064504451882843e-02,-4.158109600305607e-02,3.353225210435273e-02,3.287571137105040e-02,-6.665178881243405e-03,4.363214024750817e-03,-3.818002254546585e-02,-3.975066714858611e-03,-2.069774525667578e-02,-1.179964207507355e-02,2.351712696862767e-02,-3.713139007099087e-03,2.836430977105625e-02,-2.780242639271809e-02,2.557901418317685e-02,4.898447104786801e-02,1.782543927056414e-02,-3.768317672497219e-02,3.831107012609281e-03,-3.694360163949615e-02,-9.184348460516767e-03,4.204268612224496e-02,-4.261541386554000e-02,-3.443523489795765e-02,2.629455344106228e-02,4.379450532311006e-02,-4.539602343161384e-02,3.359122110563725e-02,-5.637048540289658e-03,3.839560812857618e-02,2.955876882441886e-02,-1.144555040029518e-02,4.817985630963694e-02,-2.822062369247270e-02,4.762470156516960e-02,-2.680771364266188e-02,3.270519420661655e-02,-4.414340764874346e-02,3.538495863971221e-02,2.312664715410614e-02,2.720997998871981e-02,2.538084220770635e-02,6.272314722416451e-03,-4.185252472724239e-02,3.775684146920216e-02,4.523789254649463e-02,4.323232866556607e-02,-2.587705629464439e-02,2.834528451941524e-02,2.287416467156955e-02,-2.339437025296589e-02,-1.720343033024622e-02,-1.786822476109699e-02,4.080943011097149e-02,-3.199459343002006e-02,2.685535010723685e-02,1.678452441178103e-02
-2.785208154129222e-02,1.216524962166586e-02,-4.163451624337984e-02,2.898762597659121e-02,-4.811878646682845e-02,-3.571547614849285e-02,3.393819700438035e-01,9.699908119587459e-01,3.693246166928954e-01,-4.347406164825757e-02,-2.183730593495474e-02,-3.131754311571279e-02,-1.367454026663895e-03,2.799702464673348e-03,-4.047402395306113e-02,1.882665073138126e-02,3.905491097770209e-03,4.417885973491449e-02,-4.773809543689955e-02,4.282908679512187e-02,-2.511656114204702e-02,4.469902125189939e-02,3.297969190489807e-02,-8.109516063873124e-03,4.462429629978698e-02,-2.042831837987976e-02,3.669132160603961e-03,3.862549027900140e-02,3.518033722251408e-02,1.679500152121640e-02,-4.013603936680429e-02,-2.608861506036460e-02,3.629124815045334e-02,-4.183131996973788e-03,3.680113061197419e-02,-1.308139035913251e-02,3.124269664214985e-03,4.523439836117554e-02,-4.391036384660696e-02,-2.566925748917678e-02,-9.225726684601266e-03,-1.472945450439376e-02,3.871219153621511e-02,3.720969129797536e-03,-4.371530253907563e-03,-8.074287404355640e-03,-4.988246984814513e-02,8.283857337094969e-03,-2.917455136114883e-02,3.769314838322876e-02,3.048802812872473e-02,2.185085701890412e-02,1.517806276294984e-02,-8.607250101885900e-04,5.155311509097427e-05,1.479557653054566e-02,7.599930771501773e-03,-2.937014473855849e-02,-1.678947374732418e-02,-1.749026362717462e-02,2.933248122691634e-02,-4.737331446362492e-02,-4.639081754228860e-02,2.139385110854496e-02,-4.770927461730429e-02,-2.063487872120973e-03,-2.350885091100459e-02,-3.815714764941214e-02,1.461667077204614e-02,-4.097514483248104e-02,-3.885192560126817e-02,3.419993123603515e-02,-4.171067526145544e-03,-5.354227598942563e-03,-1.461249265320904e-02,-3.643035143060484e-02,-2.432886040887550e-03,7.188515884016800e-03,-4.984111769310132e-02,-8.325017229764442e-03
-4.281161373536168e-03,-2.433849255824183e-03,-4.642498377971158e-02,3.594058854017915e-02,-3.353191910263420e-03,8.646902020895686e-05,2.701619383754532e-02,3.693246166928954e-01,9.603375417336499e-01,3.036360364269351e-01,-2.320837896304522e-02,-3.009267517251055e-02,3.041894061129507e-02,-4.952901829286172e-02,-3.569456450845434e-02,-2.146381985482323e-02,2.332555335184161e-03,1.377696567175422e-02,-3.350359753065309e-02,9.111662042852053e-03,3.374543436507205e-03,4.493702434510575e-02,3.776060495507904e-02,-2.505434119475947e-03,2.842121232329820e-02,-8.022817828846019e-03,2.464233591822759e-02,-1.289145773440729e-02,-3.418587029175879e-03,-3.017688801525541e-02,-1.758016147633179e-02,-3.289535970963142e-03,2.041074863238387e-02,3.501519594727395e-02,-1.976800629479476e-02,-3.114475651748410e-02,-3.162348210475744e-02,-7.813526119159543e-03,-3.957490916195262e-02,4.620797795614690e-02,1.001404198056598e-02,2.605092786837809e-02,-3.143972340355639e-02,-3.193265420163115e-02,-1.867224316977945e-03,4.089418819816834e-02,-3.499843565225879e-02,-1.731319430114481e-02,-2.148787207603136e-02,-2.962170641286526e-02,3.637487127558482e-02,-3.394771108596064e-02,-4.745401127421611e-02,2.725388118196986e-02,4.040986068083197e-02,1.395937994255519e-02,-1.348535551670113e-02,-4.197896525566287e-02,-3.623553749239646e-02,-3.231100608182658e-03,-2.821297134027111e-02,-5.123656149515588e-03,1.821695586172256e-03,4.230236208351837e-02,-1.216906080837973e-02,1.802134060723617e-02,1.070121556537420e-02,3.569655422873343e-02,-1.003122812080516e-02,7.227633591584149e-03,-4.623597555924687e-02,1.880005296452936e-03,-2.443691997829567e-02,-3.112886482881218e-02,-9.888630328093451e-03,3.827144708184581e-02,-9.090240209399848e-03,4.796124893357890e-03,3.325738594839200e-02,-3.827758527119562e-02
4.868843167852952e-02,4.590745722275828e-02,-8.631679809887927e-03,-2.521160354130947e-02,-1.958437755405862e-03,4.410446863897161e-02,-3.091110925099498e-02,-4.347406164825757e-02,3.036360364269351e-01,9.761007219460262e-01,3.500433414152595e-01,1.932375498507893e-02,4.683041906600856e-02,-1.355191160848070e-02,3.797308562688125e-02,2.144936967474102e-02,-9.911764503070587e-03,-8.399735519877738e-03,4.073374815115888e-02,2.168587634776667e-02,2.728563867790534e-02,1.475372262544774e-02,4.459237326962341e-02,-1.568247932137836e-02,-2.731927660165983e-02,-3.517940543584391e-02,-3.557235920165933e-02,-4.241321809938153e-02,4.152925313304579e-04,-2.418328810433670e-02,-1.957436055968786e-03,-9.737532293616813e-03,2.450102072330966e-02,-3.129250828118090e-02,-2.342925858063224e-02,2.165523706554781e-02,-1.554392050571587e-02,3.779923507913401e-02,-1.808826475022175e-02,8.576814022059809e-03,3.606928250381562e-02,4.822827000263052e-02,-2.121461167543826e-02,-1.631449789668120e-02,-3.770593456470889e-02,-3.518886038058416e-02,3.837430670291712e-02,-1.847529881856305e-02,4.787155408608856e-02,-4.783319824641646e-02,3.562944531747114e-02,1.341702460270466e-02,-1.164692908135658e-02,-2.723519710387823e-03,-5.181265032458960e-03,3.396769461210243e-02,3.775654652999902e-02,4.731648384290227e-02,2.207754163594064e-02,-4.025158999713654e-02,4.379821571335232e-02,-3.780270372837272e-02,-1.289942449221374e-02,1.360073204350287e-02,2.436553991971019e-02,3.496145086345437e-04,-8.735407474064871e-03,4.144679724556030e-02,-7.143994100064944e-04,7.899789113401201e-03,-3.711738286679152e-02,-2.290225720547434e-03,3.772649264073822e-02,-3.698694783335621e-02,4.845112532282264e-02,-3.915531512711987e-02,4.802625186991998e-02,-6.362149705218401e-03,-1.609050910149493e-02,-1.854763143655380e-02
-3.563455010907924e-03,-3.349061617144452e-02,-2.529667088817855e-03,-1.006973237773484e-02,4.999444746779369e-02,-2.836242345906854e-02,-1.760508139569533e-02,-2.183730593495474e-02,-2.320837896304522e-02,3.500433414152595e-01,9.758128135066192e-01,3.149442989516044e-01,-1.062812638567426e-02,-2.073728641216725e-02,-1.529513829331134e-02,3.012860628199209e-02,-3.405679691085819e-02,-2.477367835927204e-02,4.851183999155430e-02,2.202605945639674e-02,5.104519990396517e-03,-4.617375402492610e-02,-1.020995440030182e-02,-4.667883153451480e-03,-1.239483812404756e-02,-3.412434675843038e-02,-3.541159105727087e-02,1.771694969357727e-02,4.965602387663839e-02,-1.469698636732213e-02,-2.439549659679354e-02,4.202764020414528e-02,-2.613180440707198e-02,4.491183410818912e-02,-2.758892208558250e-02,3.324858683336133e-02,4.832654685484794e-02,-3.754844315244783e-02,2.580841962827098e-02,3.974143536417662e-02,-4.351818906278457e-02,-1.186043430354448e-02,-3.395954760582587e-03,-8.160261047403394e-03,-2.549325772836451e-02,-4.091632501368295e-02,3.095549298672640e-03,1.784438210653443e-02,-2.474493519757259e-03,3.775172926840892e-02,4.223235491250835e-02,-4.308066567225349e-02,3.801588387969074e-02,-4.521451526976999e-02,-1.794929816606855e-02,2.558896067681371e-02,-3.756032007035352e-02,-2.982122590998453e-02,2.627199636262822e-02,-3.452179176517731e-02,-4.636819327159711e-02,-2.717772520065794e-02,2.518404486058975e-02,-3.336938015143421e-03,1.861280368618112e-03,1.304204481107744e-02,4.697951195464934e-03,-2.670184371981826e-02,8.446703238120402e-03,3.252849389945326e-02,4.679172618941056e-02,-6.011006047502133e-03,1.912478025794409e-02,2.922731531834588e-03,-2.979712831710144e-02,2.897077024374867e-02,2.182545485497264e-02,4.279917783088456e-02,3.734962901386522e-02,-3.719493287418283e-02
3.980581149735553e-02,6.987658590161316e-03,-3.508620698372257e-02,2.268985106283934e-02,2.182558622034929e-02,-4.305531979082522e-02,2.875731480774657e-03,-3.131754311571279e-02,-3.009267517251055e-02,1.932375498507893e-02,3.149442989516044e-01,1.036460158105214e+00,2.964469540649213e-01,3.363766783170093e-02,3.782141428507866e-02,-2.426185686437048e-02,3.595721413265834e-02,-7.886697108010266e-04,-2.503725933094549e-02,-4.420468165205004e-02,2.397389631996021e-02,-3.766447974795509e-02,-1.414719599005608e-02,-4.225629920513985e-02,3.598198409449749e-02,1.062610981197276e-02,4.288164136535974e-02,4.537542321674762e-02,-3.108502860367866e-02,-1.187915977158184e-02,-3.148403123774020e-02,-4.699152347841490e-02,-3.736953209718261e-02,-4.796604271161101e-02,4.402922590819770e-02,4.843510449846582e-02,-8.888998379074687e-03,2.409446995184916e-02,1.530299273885388e-02,-2.707888147500605e-02,2.423849908274154e-02,4.788899083891279e-02,3.141491923037391e-02,7.462863627698536e-03,4.371530765582080e-02,7.994595457097687e-04,3.243946306499190e-02,-3.500375012214219e-02,-2.304875463766790e-02,2.741974788193622e-02,3.509136308715808e-02,5.517803240608132e-04,-1.148702532673173e-02,4.298524056933895e-03,-4.290120886440216e-02,-1.647497718877448e-02,-4.204569772062679e-02,-1.493976846389194e-02,1.840692822348877e-03,2.162807060534774e-02,3.848596573089526e-02,3.098487439472572e-02,-2.278694275969628e-02,-3.439471659798440e-02,5.235648802728321e-03,4.801886315933055e-02,2.655279946598138e-02,4.548948444219336e-02,2.191770373717779e-02,-1.667944043677293e-02,1.661748558901954e-03,2.141843018806414e-02,-2.123016350002138e-02,3.398602340572848e-02,-4.000860066218370e-02,9.180340585509705e-03,-2.610534564085210e-02,-2.129381754678616e-02,-4.875569755772724e-02,2.038221268973544e-02
1.997700709817917e-02,-2.650241946341240e-02,-4.541060140179629e-02,-2.594382737790321e-02,-1.056763926191270e-02,-2.268897762784091e-02,-3.838416083354369e-02,-1.367454026663895e-03,3.041894061129507e-02,4.683041906600856e-02,-1.062812638567426e-02,2.964469540649213e-01,1.027131433142894e+00,3.013772607501083e-01,-1.696888177640766e-02,-2.733405967911812e-02,-4.990948186914571e-02,3.931706908318119e-02,4.565716841967712e-02,2.607961034594233e-02,4.477012754940472e-02,-2.060261365171639e-02,3.782506285573833e-02,2.976026756396084e-02,2.529369920688655e-02,6.610215248504381e-03,1.515208317757357e-02,-1.125783595687913e-03,-2.246312363723402e-02,-1.236646790847540e-03,1.343382719329058e-02,2.404891108298078e-02,-1.959952004493759e-02,-3.719769551711447e-02,3.520048325058964e-02,3.112392243944563e-02,1.829220002198887e-02,-2.188934953992991e-02,-9.214728716011245e-03,-7.096294759686328e-03,5.074904374893330e-03,-4.187931279400436e-02,-1.756015047703757e-02,-3.477456991642413e-02,2.751042146841507e-02,-5.859887439715806e-03,-4.667036565713905e-02,-1.581656611087241e-02,-4.591274969269114e-02,3.467820146396651e-02,3.838722758476305e-02,3.413943315880893e-02,3.555119216957192e-02,-4.341404744976392e-02,4.222756116613467e-02,2.907798344844468e-02,4.499343039327550e-02,1.071176017678530e-02,1.451868079067090e-02,6.542217608126899e-03,-2.969503798388221e-02,-1.442065293303814e-02,-3.971673441911281e-02,-6.733085127556038e-03,-2.210244597351302e-02,2.789408207006804e-02,-2.866847952896930e-02,-4.393557068759596e-02,1.867068487150807e-02,-4.936774722491161e-02,9.246261565808501e-03,2.525265620940029e-02,1.956403920770183e-02,3.448295865498584e-02,1.959865872342164e-02,4.150465870215232e-02,-2.977444978221051e-02,-9.175045081477707e-04,-2.564727490732505e-02,1.842761267447257e-02
-2.636412703311685e-02,9.151334636421505e-03,3.005012277130274e-02,1.127817398820110e-02,-1.097630063068886e-02,7.979179997889274e-03,-4.540314663728175e-02,2.799702464673348e-03,-4.952901829286172e-02,-1.355191160848070e-02,-2.073728641216725e-02,3.363766783170093e-02,3.013772607501083e-01,1.031464505703615e+00,3.649505045534059e-01,-2.365925426472493e-02,6.953272887598561e-03,1.495075427159488e-02,2.181265102670957e-02,4.879629463366242e-02,2.956870858058340e-02,1.809989143372763e-02,4.992581035722984e-02,-2.871833399724422e-02,-1.568438646843762e-02,-3.216814434077889e-02,3.895808981719239e-02,-3.685321548977175e-02,-1.234398505380078e-02,2.233970973259408e-02,4.873753735920475e-02,1.580624618726557e-02,3.342406503858192e-02,1.548113543023614e-02,6.935633258735330e-03,5.031030064916231e-03,-3.785290747928342e-02,-1.278447876063357e-02,-3.718652197080785e-02,4.280087329491977e-02,-2.923228370769016e-03,-9.953085923868454e-03,2.816471974517733e-02,-2.072161170006686e-02,-3.216719580844352e-04,3.325247331659698e-02,3.425149235286886e-02,4.733701616846619e-02,2.548024085767554e-02,4.414189601279837e-02,-4.863875570133289e-02,-4.981131796027138e-02,3.467574526919317e-02,-1.420495913988717e-02,2.843195196221602e-02,-1.079315383345162e-02,9.603788417214598e-03,4.829957174988609e-03,4.145787870833765e-02,2.545212413448757e-02,4.942479760199149e-02,3.718054970684075e-02,-1.243602728732938e-02,3.032411238282681e-02,1.397288237022309e-02,-4.261320854428050e-02,1.107212454005232e-02,6.866748410754908e-03,2.980491510464750e-02,1.712314092962359e-02,2.352832274821667e-02,3.073626413241505e-02,6.991391669568559e-03,-4.467136422329186e-02,-4.592524333481474e-02,3.283937720388720e-02,1.926396918120079e-02,-1.765987796161311e-02,2.822421532952421e-02,-4.599346256082790e-02
2.031172197613373e-02,4.310978690946376e-02,-2.814683936546970e-02,-2.571707827492541e-02,-2.316849553486392e-02,-3.190971971933343e-02,-1.008132741163146e-02,-4.047402395306113e-02,-3.569456450845434e-02,3.797308562688125e-02,-1.529513829331134e-02,3.782141428507866e-02,-1.696888177640766e-02,3.649505045534059e-01,1.042131157744469e+00,3.544039344723516e-01,3.009134050403152e-02,4.600992761712371e-02,4.321522946655362e-02,-1.959155293426398e-02,-2.392714222442758e-02,1.442827964134611e-02,-3.314293891623073e-02,-3.430253212468855e-02,3.029060463926812e-02,2.044532325980404e-02,2.597927271967749e-03,2.818603492019759e-02,-4.553427505729523e-02,3.647657505168113e-02,3.314106095894822e-02,1.923586221660839e-02,-2.934908569522554e-03,3.707953787605268e-02,-4.647639200206206e-02,-4.914157181432269e-02,5.586454497135019e-04,4.844232067146808e-02,3.638663278834061e-02,1.164770413086136e-02,-1.836379911886366e-03,-3.251108998029604e-02,4.084072960710794e-03,4.099231375781003e-02,-1.536678828391733e-02,-4.642265479923790e-02,-1.849663140881207e-02,-1.407305453939267e-02,-2.544868377845804e-02,2.906710120908829e-03,-2.807790709666089e-02,1.265681873293275e-02,-8.132754017264722e-03,-3.265910665371496e-02,-2.880889484833314e-02,4.239370854292700e-02,-8.865118311941190e-03,-3.660921441516527e-02,2.033272448344973e-02,3.846588432268791e-02,-1.420599894147354e-02,-3.185565645786480e-02,2.040162532376981e-02,3.827567183970129e-02,1.855292558012534e-02,2.147499269011868e-02,5.305818064679869e-03,-6.926909426684502e-03,-2.016298808345303e-02,-2.604920253879537e-02,3.134550001165193e-03,4.299153347250073e-02,4.041234861217344e-02,-2.833667776365778e-03,8.247628744537784e-03,-4.992411517531157e-02,-4.078828480088086e-02,-4.119693091202181e-03,-2.916459812333484e-02,3.734856537884847e-02
3.358747048988504e-02,2.044507343588471e-02,2.143386809335721e-02,4.506160709392784e-02,1.392249363904085e-02,-3.249758489490363e-02,3.547483641280385e-02,1.882665073138126e-02,-2.146381985482323e-02,2.144936967474102e-02,3.012860628199209e-02,-2.426185686437048e-02,-2.733405967911812e-02,-2.365925426472493e-02,3.544039344723516e-01,1.034228105869706e+00,2.873073949463275e-01,1.755001002369857e-02,-2.610918235646176e-02,-4.273117004543237e-02,4.984169031836296e-02,-3.123502648643444e-02,4.132088946586356e-02,-1.359089951373157e-02,9.655798139395634e-03,-2.837659121135611e-02,-9.393574389671555e-03,-1.523450458242532e-02,-3.821783530475924e-02,1.512924206315403e-03,1.006933949930169e-02,-4.559320277208889e-02,-2.960350329302145e-02,4.514676115174344e-02,1.791858726685880e-03,-3.875058991349729e-02,2.547221503771149e-02,2.236867458100849e-02,-4.082027582410300e-02,3.599309475573299e-02,-2.908624501450905e-02,-1.709614974466367e-03,3.559710346857150e-02,2.681374657781318e-02,3.220375665379940e-02,-4.167733130790777e-02,2.534847884734994e-02,3.713997659173995e-02,4.047347990590633e-02,-4.202632536042387e-02,-3.002753990513019e-02,-4.356823313215921e-02,-9.043724279407695e-04,-3.643996405997677e-02,2.041354072138966e-02,3.504496874040041e-02,4.941302078005932e-02,1.265159361418863e-02,-2.365192531871536e-02,5.134376577527311e-03,4.997958789624529e-02,8.776045116128518e-03,9.307780564350155e-03,4.091396818252263e-02,1.158546302827011e-02,-4.765637822959554e-02,1.473640109992413e-02,1.458878134650510e-02,2.854635236557436e-02,3.668253310376226e-02,4.481647964492594e-02,-3.819589478095931e-03,-4.188787977790255e-02,4.167482196669767e-02,-2.941144120635602e-02,1.597912001479347e-02,3.862647704428798e-02,-4.850619755641594e-02,1.983797314237046e-02,1.504057247199195e-02
-1.189509637782145e-02,-2.260166024418036e-02,3.746672955703930e-02,4.872939804476023e-02,4.645731394346269e-02,2.210597778729145e-02,6.390071395136510e-03,3.905491097770209e-03,2.332555335184161e-03,-9.911764503070587e-03,-3.405679691085819e-02,3.595721413265834e-02,-4.990948186914571e-02,6.953272887598561e-03,3.009134050403152e-02,2.873073949463275e-01,9.873954317850987e-01,3.622914501137477e-01,1.357153220191092e-02,8.129732228321506e-03,-1.795886075243047e-02,-8.319639835670679e-03,4.859656211040259e-02,5.855086812048160e-03,-3.974758990477097e-02,-2.563717603665030e-02,3.266869627424187e-02,-1.259454059720163e-02,-7.940228802338135e-04,4.352212443341898e-02,-2.965234764839122e-02,-2.622083652479228e-02,6.078643658125982e-03,4.569479461818819e-02,4.809086634795761e-02,-4.591165484368568e-02,-2.256204043790415e-02,4.861980313710154e-02,2.251989528307191e-02,-1.421559016303998e-02,1.661825121104136e-02,-4.194895871179071e-02,4.330356701764011e-02,-4.352545116137550e-02,-3.322027502149906e-02,4.879460305372499e-02,-1.463932369919442e-02,9.434979727037031e-03,-3.960757074411592e-03,-4.762033169867935e-02,4.579215270232034e-02,4.298950719259817e-02,4.220064283820828e-02,-2.897114733829453e-03,-2.862318593181186e-02,-9.803778548603426e-03,3.468770523043287e-02,-4.086155346101405e-02,-4.066098784889779e-02,4.407301083146257e-02,-3.393684037974381e-02,-4.352326340630588e-02,4.040340153681793e-02,3.851634551341100e-02,-6.435193787908167e-03,-2.667723706427286e-02,-6.383959287965802e-03,2.969251519689894e-02,-2.026631023193907e-02,3.509845919260346e-02,-1.187698185609056e-02,4.757979136193816e-02,-3.477715446079018e-02,-2.210223986899146e-02,2.622061422575206e-03,-2.952098289392474e-02,-1.253807245599067e-02,3.195659151703032e-02,-4.123382937391804e-02,4.760798546715903e-02
-4.369684881857058e-02,-4.454467183269006e-02,-6.076643409099691e-03,5.221814272308112e-03,-4.694098196525005e-02,1.732679009093023e-02,2.388404890749293e-02,4.417885973491449e-02,1.377696567175422e-02,-8.399735519877738e-03,-2.477367835927204e-02,-7.886697108010266e-04,3.931706908318119e-02,1.495075427159488e-02,4.600992761712371e-02,1.755001002369857e-02,3.622914501137477e-01,9.905269603334319e-01,3.446396901611712e-01,4.538626670455009e-02,3.084169012521941e-02,2.823480414598053e-02,2.908685054036553e-02,-1.918742867397774e-02,2.374651668930561e-02,-1.140242180525856e-02,-2.104369621037403e-02,-3.230167435665236e-02,-1.934987620275179e-02,2.070191314438723e-02,-2.331269352327174e-02,3.799306493344428e-02,2.542642031759514e-02,4.805649129748058e-03,1.738648652321179e-02,-4.315383922046111e-02,-3.132868209161182e-02,1.139032470407254e-02,-4.219491565628691e-02,5.299420548640721e-03,1.114205274486496e-02,-4.737263646075012e-02,-1.534332134058158e-02,4.941106110927643e-02,-2.997650207136379e-02,-4.635518596851904e-02,-4.896393266473299e-02,1.373612741006868e-02,2.221380288650384e-02,-3.729293551966380e-02,-1.152980501157096e-02,3.331152843038394e-02,4.079183985392304e-02,1.670903151560289e-02,1.955816857422969e-02,-9.361924299632151e-03,1.603267996680258e-02,1.387743931320171e-02,6.940961955985270e-03,-4.188300399575950e-03,1.817917676672711e-02,1.860976116869326e-02,-4.129906625221250e-02,1.691527705447483e-02,3.189557947718853e-02,2.211069491821647e-02,2.793757376110232e-02,3.297057493463456e-02,4.386715733844209e-02,4.784936368627019e-02,6.533395363237849e-03,7.122282934343660e-03,2.544459162124495e-02,3.029584705656985e-02,2.541576462678535e-02,3.809604261757094e-02,1.536441592411358e-02,4.465317725861748e-02,3.266153200546489e-02,-2.846293511374677e-02
2.710785292470641e-03,3.938587085949076e-02,-6.792775842493593e-03,4.592148672112118e-03,8.971893521784924e-03,4.301708999587487e-02,-3.563529971379683e-02,-4.773809543689955e-02,-3.350359753065309e-02,4.073374815115888e-02,4.851183999155430e-02,-2.503725933094549e-02,4.565716841967712e-02,2.181265102670957e-02,4.321522946655362e-02,-2.610918235646176e-02,1.357153220191092e-02,3.446396901611712e-01,1.008621709754639e+00,3.817997030838743e-01,2.355836972369078e-02,-3.877083253576580e-02,3.195138664533042e-02,-3.249038674413274e-03,-4.870392576966125e-02,3.238683122817201e-02,-3.316269459814541e-02,-3.691266271482579e-02,-2.797964101412999e-02,-2.120906019190738e-03,5.327718818073923e-03,-2.573219726946190e-02,2.186803265723680e-02,-3.856808506997558e-02,3.505465829371960e-02,-3.322711378112488e-02,4.438265505374037e-02,-2.703914789330404e-02,-2.252895810923755e-02,4.965734439109504e-03,4.807344728605704e-02,6.221736396271516e-03,4.174102854098339e-03,1.315456683818949e-02,-3.929317666553411e-03,-2.726299402724868e-02,4.327271037532714e-02,-1.899349738319528e-02,-4.411622289732941e-02,1.233250995400117e-02,4.189246645149128e-02,3.213532246346588e-02,-8.039367348571625e-03,-2.635513365483825e-02,-4.858612625769875e-02,-3.542984819225875e-02,3.292917517501483e-02,-1.757708912459854e-04,5.901246115350978e-03,3.758309584347824e-02,2.331654184147093e-02,2.790344441680968e-02,-3.851692529540529e-03,2.128696847921958e-02,7.890955012378454e-03,3.706271438457617e-02,-3.855971166832095e-02,3.005317200942386e-02,-3.792740191505029e-02,3.242617475445685e-02,-3.949500507994923e-02,-1.486833056427844e-02,1.406300228147239e-02,-4.120340589429170e-02,-1.083846705489259e-02,-1.961673775541975e-02,-4.424556223714260e-03,-2.770206261074864e-02,-6.809021810468630e-03,-2.750311836932266e-02
-2.947167394388408e-02,-4.615032725117792e-02,-1.077662445674024e-02,-4.876060569645675e-02,-1.679329328183888e-02,-1.625192953180672e-02,-4.340277887753505e-02,4.282908679512187e-02,9.111662042852053e-03,2.168587634776667e-02,2.202605945639674e-02,-4.420468165205004e-02,2.607961034594233e-02,4.879629463366242e-02,-1.959155293426398e-02,-4.273117004543237e-02,8.129732228321506e-03,4.538626670455009e-02,3.817997030838743e-01,9.589009009429684e-01,3.556311673840823e-01,-8.619361382131608e-03,6.274170812254499e-03,2.179090632586955e-03,4.338872139855410e-02,3.257909585891679e-02,-3.422394046521760e-03,-4.469387993944940e-03,-4.672573817368575e-02,-1.359237730004231e-02,-4.611619026059915e-02,3.285763495717241e-02,2.285994501069693e-02,2.986538174040445e-02,-3.335498860605018e-02,1.658932275462921e-02,3.183036844238486e-02,-2.676793244954286e-02,4.694250533527618e-02,2.485704162931497e-02,-4.200366720051633e-02,-8.163550774102302e-03,3.621346740683291e-02,4.862961737355243e-02,4.628750154554859e-02,4.182055297300616e-02,4.688766408647670e-02,-3.607625093139528e-02,-4.882062957661146e-02,-4.443729953337497e-02,2.498280146310505e-02,2.647860405100554e-02,1.823708472511760e-02,-3.057230553799085e-02,3.316427177713469e-02,-4.466406996803010e-02,-2.218109098062040e-02,-1.171747008280222e-02,1.088994922887530e-02,-1.538621095435724e-02,8.634119455330635e-03,4.925953756907930e-02,-1.254554929710511e-02,2.474446036730151e-02,-1.413137287220746e-02,-2.581789496745973e-02,-1.764673231003328e-02,-4.503609250956486e-02,3.581346825161035e-02,-4.506885716803444e-02,1.303487618266891e-02,-3.682233329885618e-02,4.732015981592284e-02,-1.699287908025716e-02,2.247187143478100e-02,-4.023149673488999e-02,-1.274314534507671e-02,-3.426869675360300e-03,-1.914220531947622e-02,1.199478953635114e-02
-1.244858762899759e-03,-3.139041609626705e-02,-1.507417273332160e-02,-6.534468706034080e-03,1.046751050321515e-02,7.719394261409485e-03,6.350405657897019e-04,-2.511656114204702e-02,3.374543436507205e-03,2.728563867790534e-02,5.104519990396517e-03,2.397389631996021e-02,4.477012754940472e-02,2.956870858058340e-02,-2.392714222442758e-02,4.984169031836296e-02,-1.795886075243047e-02,3.084169012521941e-02,2.355836972369078e-02,3.556311673840823e-01,9.574383658489327e-01,3.609493928198064e-01,1.680473465753387e-02,-4.470523821033195e-02,-2.709654995192083e-02,-9.522872058679122e-03,1.088254969157473e-02,4.067795532942940e-02,-4.836325923239235e-02,1.328701621737423e-02,4.699251213833932e-02,-1.025478271508278e-02,2.521176947371487e-02,2.727443533279010e-02,-1.215127686001966e-02,3.396709821153067e-02,-1.624294992588292e-02,-1.396906105519584e-02,3.547220480916798e-02,1.073855871017109e-02,1.125262956327912e-02,-2.664901177621495e-02,-4.088125705602613e-02,4.444115586341593e-02,4.548541839301504e-02,2.993751234492629e-02,1.422136925028452e-02,1.316554440453917e-02,-9.974306676256085e-03,-2.654556571119417e-02,-1.135385067777385e-02,1.974641938600302e-02,-3.348860617695009e-02,1.890275279835444e-02,3.172179133311191e-02,2.565550574295394e-03,-3.779627471541333e-02,3.852704384759054e-03,-3.371761098708100e-02,-2.552794156839479e-02,-2.797909663768451e-02,-1.643705108224495e-02,-1.220678624338056e-04,-2.453937059835529e-02,-3.229082808852229e-02,-3.674836386298321e-02,4.673027080756550e-02,-2.832918633474826e-02,2.139794594034207e-02,3.909068517988944e-02,-1.310225589644269e-02,2.201720578906408e-03,2.356268797666752e-02,-2.543999126997423e-02,-2.274462343658592e-02,-4.113574214293099e-02,4.117837492554110e-03,-4.383045741810282e-02,3.377383477492311e-02,-1.021593320822681e-02
-5.925297064879709e-03,-2.565157365591199e-02,1.626816336810365e-02,1.987090139238357e-03,2.205877378058126e-02,-3.950269427352483e-02,-2.993571413722779e-02,4.469902125189939e-02,4.493702434510575e-02,1.475372262544774e-02,-4.617375402492610e-02,-3.766447974795509e-02,-2.060261365171639e-02,1.809989143372763e-02,1.442827964134611e-02,-3.123502648643444e-02,-8.319639835670679e-03,2.823480414598053e-02,-3.877083253576580e-02,-8.619361382131608e-03,3.609493928198064e-01,9.939151371655175e-01,3.442921083219320e-01,-3.870720167538029e-02,1.500799754766876e-02,-2.733725476428439e-03,-4.781104457211380e-02,-1.158662982546220e-02,-1.724407822455351e-02,1.302222258915610e-02,-2.900448395975974e-02,-1.215248457943846e-02,-5.087245511851569e-03,2.739167166351880e-02,-4.208582714964976e-02,2.115327300536278e-02,3.742839708416297e-02,-4.118483591407374e-02,4.170244783823012e-02,4.710382529810376e-04,2.724543172538234e-02,-4.364193767728356e-02,-4.308677813478697e-02,-3.619018901469634e-02,3.699884876032803e-02,-4.010517342846531e-02,-1.000595177415399e-02,2.996054888451487e-02,4.951294434569477e-02,5.087783381466371e-03,4.563264125633415e-02,2.995521215579877e-02,-4.998966430261808e-02,8.324963180249679e-03,3.349866962474515e-02,-4.122011611851019e-02,-1.857538952571537e-02,-2.037287090687836e-02,4.948770490137977e-02,-4.177242450791008e-02,-2.172174080123340e-02,-2.705114965347176e-02,4.534232472078701e-02,-8.318021233723050e-04,3.431192718570186e-02,3.072449033737127e-02,3.621487325445060e-02,-3.327660149099996e-02,2.752263527773334e-02,-1.549880770795616e-02,2.100699341954673e-02,-4.211927655542792e-02,-4.446523174624863e-02,-2.252507483631152e-02,-3.579824728398270e-02,-1.400038537740699e-02,1.051946831298203e-02,2.937380466706409e-02,-4.346441381163891e-03,3.766099435382864e-03
