1.049633281660061e+00,4.966838541362435e-01,4.906700130203656e-02,-1.696411599096413e-02,4.974352805844102e-02,-1.997062206674432e-02,4.926324094314593e-02,-4.076576749608146e-02,3.556103714007084e-02,2.160828080737661e-02,4.857780752573612e-02,-3.198825582452029e-02,1.474151559269784e-02,-2.385402648212737e-02,4.601305847253780e-02,1.522226691257259e-02,1.496993053292508e-02,-2.377933603221540e-02,-1.058920344128935e-02,3.028706566855842e-02,4.071167667628547e-02,-2.288029769354535e-02,-4.967206450232284e-02,9.857701580651690e-04,-4.207305149607432e-02,5.843812034855855e-03,3.980041251530482e-02,-4.418666517626329e-02,-2.015278800084285e-02,1.450769599842475e-02,-7.955463184853174e-03,3.197169383997903e-02,-4.415687768859420e-02,1.869279425693109e-02,1.613651691037779e-02,-3.748426828071727e-02,-3.791174626856469e-02,-2.718513011626381e-02,-1.209252348588077e-02,6.845361802267503e-03,4.867586544191141e-02,3.029635625080465e-02,-2.660093132406329e-02,6.747811064546850e-03,4.089504874082638e-02,4.430091174842071e-02,1.067037002765392e-02,3.590606473974068e-03,-1.582780801311201e-03,2.298457945259452e-02
4.966838541362435e-01,1.040844817341018e+00,3.828854660541895e-01,2.935692563784889e-02,-1.193626312542939e-04,-4.548316951561754e-02,2.589704454703256e-02,4.206609878262736e-02,1.934035337470037e-02,-2.690755342923490e-03,2.630185626468714e-02,-4.029945291511255e-02,-1.422379361094032e-02,-2.557651312568925e-02,1.720257015793656e-02,2.796794984109022e-02,-3.064159612822026e-02,3.238227645719362e-02,-4.400539343093018e-02,3.325186304172684e-02,4.722891328739357e-02,1.243633461710669e-03,-1.388142618427527e-02,4.030358224595432e-03,-4.552042839471560e-03,-3.140106584522373e-03,-2.791037352418490e-02,-4.656900935879047e-02,-2.837646106105820e-02,-4.856118931203917e-02,-1.988849272460380e-02,-1.516980110724130e-02,-4.422918232044653e-02,-1.607900726071869e-02,4.591303036275166e-02,9.602795658053033e-03,-3.404511712011411e-02,4.999090693743379e-02,3.520363329527876e-04,-2.314976291595551e-02,-3.786370897919360e-02,-3.008986322369952e-02,3.739376915658225e-02,3.387699119894053e-02,3.429825512925233e-02,-4.252242185853281e-02,9.279689087381094e-03,4.732745628082427e-02,2.075882971417048e-02,4.144216642709253e-03
4.906700130203656e-02,3.828854660541895e-01,9.763873935006288e-01,3.084810109093404e-01,2.887964544300203e-02,7.498874190268279e-03,5.460071504047881e-03,-3.817030267996303e-02,4.921226511523963e-02,-2.270669926418008e-02,2.259410131084353e-02,-3.142265346575847e-02,-3.648316081583282e-02,-4.985956509873127e-02,3.487560871669308e-02,1.735730626198653e-02,-4.537345331292209e-03,-2.584737417205889e-02,-2.497096021626440e-02,3.039713940457967e-02,4.952055936450159e-02,-4.998604518092147e-02,-4.208032482151913e-02,9.350818646395587e-03,2.085135776604041e-02,-3.039563901742437e-02,-4.114636461606535e-02,-4.643209989454610e-02,3.741858629013994e-03,-1.791691194407830e-03,-3.279553275936138e-02,-2.138781377968646e-02,-3.956997773212704e-02,-2.587872468276631e-04,8.903804800797277e-03,1.685297945927981e-02,-1.305932848914028e-02,1.058916924609746e-02,-4.893501527752900e-02,-2.206699087115919e-02,-2.846890279341176e-02,4.176621174863568e-02,2.014369568128821e-02,4.276198300077658e-02,-2.394548040635747e-02,-2.167191358491412e-02,1.389498110230474e-02,-3.688536909459914e-02,-2.270099158385153e-02,-4.734650141677750e-02
-1.696411599096413e-02,2.935692563784889e-02,3.084810109093404e-01,9.855421528784074e-01,3.201776501384267e-01,-1.406786879047647e-02,-4.070195659215924e-02,-3.309066537323301e-02,3.803186011565599e-02,1.833739616956249e-02,4.227702525296513e-02,3.827551399845586e-02,1.739244829174991e-03,1.971922040451137e-02,3.149674229033774e-02,-2.052741861537755e-02,-1.960316951663182e-02,3.154827526341778e-02,5.848125797974557e-04,1.758825242227660e-02,-3.717371506532866e-02,-1.360292497846807e-02,-2.310460649078840e-02,1.831938560513152e-02,2.241819962311264e-02,2.382376371312217e-02,1.869898460084127e-02,-3.725631028067788e-02,1.395293172612432e-02,-1.543054962443612e-02,-4.716036045180101e-02,9.182614003115165e-03,-1.337328060292343e-02,-2.522881798222283e-02,-4.928461299482459e-02,9.661895317204251e-03,2.010994566232830e-02,2.864674662614908e-03,-4.884002340491816e-02,-6.425816130107675e-03,1.568073849057972e-02,3.976059048211977e-02,-4.097892361427207e-02,-2.484050413593782e-02,4.376844751344083e-02,-4.433543944320603e-02,3.089114070456180e-02,6.969569980941226e-03,2.586586022893054e-02,-7.449380003969542e-03
4.974352805844102e-02,-1.193626312542939e-04,2.887964544300203e-02,3.201776501384267e-01,1.027971131692434e+00,3.458758895647902e-01,4.480818352596360e-02,3.485466033897022e-02,3.743995153535941e-02,-1.721991271857798e-02,3.733581451183773e-02,-2.312803880754790e-02,-1.146866210514127e-02,-8.541975652410183e-03,2.471371250688327e-02,-5.725076722698285e-04,-4.703324314073414e-02,1.169295786045772e-02,-4.141368236727772e-02,4.513758663543910e-03,4.896611656082080e-02,-1.980219144034519e-02,-2.037174423716773e-02,-1.747893463071137e-02,-2.414254333445158e-02,1.696515155665343e-02,1.448829158484447e-02,5.000569832085789e-03,4.688490579008669e-02,-3.099877823351860e-02,-2.500784931721291e-02,-2.788622068631474e-02,-4.989102254598841e-02,8.016256479745076e-03,-1.920493406501985e-02,-3.914250812282649e-03,3.908884018104787e-02,4.064426434492455e-02,-4.219806875687256e-02,3.521026540320743e-02,-2.234251342935323e-02,8.367380695880323e-03,-4.535142594341329e-02,-4.666691033537258e-02,-2.534636582896521e-02,-2.920597049835868e-02,4.177810493952561e-02,-7.064946311582865e-03,4.019961586648735e-03,2.848786739371364e-02
-1.997062206674432e-02,-4.548316951561754e-02,7.498874190268279e-03,-1.406786879047647e-02,3.458758895647902e-01,1.020109057938883e+00,3.496999755908672e-01,1.850197331325144e-02,4.574229065682169e-02,3.686049080031806e-02,-2.829721577716052e-02,4.324793469387340e-02,2.113174827190790e-02,3.194699466309899e-02,3.197515367369449e-02,1.387859772263477e-02,-1.839666672833761e-02,-1.895679472743127e-02,3.211952621867945e-02,-2.032953319567155e-03,2.923918278192165e-02,-6.346974941330652e-03,-1.942256209923986e-02,3.724121652185586e-02,4.567056702800743e-03,2.645527092294409e-03,4.481659938030924e-03,2.259056382441510e-02,-3.441901806525007e-02,3.423615499932098e-03,1.349286386147824e-02,3.099974576313720e-02,2.451475251547215e-02,-2.798058852840848e-02,-8.545355454538840e-03,-2.666395998774740e-03,3.584500095098876e-02,-3.546629227660129e-02,-1.770756579914749e-02,1.741639315304578e-02,-1.759562748241863e-02,1.809203263042298e-02,3.718884833435632e-02,2.220935248994560e-02,2.684438260440580e-03,-2.471140254715532e-03,3.981256637292419e-02,-4.285396231590574e-02,-3.778929178966643e-02,6.397451165171764e-04
4.926324094314593e-02,2.589704454703256e-02,5.460071504047881e-03,-4.070195659215924e-02,4.480818352596360e-02,3.496999755908672e-01,1.034044955669651e+00,3.757290284831523e-01,-1.529938398725456e-02,2.343396713616186e-02,1.692746631514136e-02,-2.020435825797068e-02,3.402715015392610e-02,-3.509080515835580e-02,1.857435892655400e-02,-5.250688314483121e-03,4.431944800077528e-02,-4.797660586969288e-02,-3.814064257904293e-03,-1.872437036343310e-02,1.005817437486002e-02,-5.256318668256777e-03,-3.863106986452874e-02,-4.908243435764512e-02,4.793835244076675e-02,2.576804543117803e-02,-2.347173472354496e-02,-3.882171521762621e-02,4.318303394066961e-02,-2.868397255334037e-02,-4.035683834404936e-02,-4.370136121913112e-02,-7.299326875675172e-03,5.738053123290222e-03,-1.463252963507750e-02,-3.484469741780123e-02,-1.904427266859623e-02,3.654141413767365e-03,-3.061307748155833e-02,-4.188864226431471e-02,-9.898985766201795e-03,3.348021689481442e-02,4.538256624873307e-02,-4.524854904599954e-02,-4.198362943136644e-02,2.597561362229584e-03,-3.251669168657624e-02,-2.087101355464087e-02,-3.689438786198120e-02,1.153769473692191e-02
-4.076576749608146e-02,4.206609878262736e-02,-3.817030267996303e-02,-3.309066537323301e-02,3.485466033897022e-02,1.850197331325144e-02,3.757290284831523e-01,1.013569577629232e+00,3.177686434819836e-01,8.901415293011894e-03,-4.304329737467984e-02,2.905150924861460e-02,1.297277898953320e-03,-4.362788060216591e-02,-4.221962994199573e-02,1.229795847796602e-02,-2.596067885890849e-02,1.310504931387699e-02,1.479787619888195e-02,-1.479285643669293e-03,-1.138871601212521e-03,-1.518245348088193e-02,4.497356478444340e-02,3.195833741750608e-02,-1.401154851119826e-02,-2.558716393472726e-02,-4.974871052700474e-02,3.978545899876889e-02,4.398009879249037e-02,-4.764430946229639e-02,2.398869704876971e-02,-3.903641419970427e-02,-2.732266519671281e-02,-2.391967598096544e-02,4.696800150308744e-02,-6.402531541341139e-03,1.979656347056481e-02,5.287468347725899e-03,-1.619798041090712e-02,4.936445467548357e-02,6.734618589316710e-03,2.548400409684983e-02,4.622035144536345e-02,5.433422949616840e-03,-2.697522982082045e-02,-2.873121630104698e-02,-3.389473796399236e-02,4.185254349260611e-02,-4.369516224527303e-04,-3.613967284367314e-03
3.556103714007084e-02,1.934035337470037e-02,4.921226511523963e-02,3.803186011565599e-02,3.743995153535941e-02,4.574229065682169e-02,-1.529938398725456e-02,3.177686434819836e-01,1.038464030017111e+00,3.517677456288143e-01,-4.078344874364465e-02,-2.717672658831524e-02,-3.512692544638826e-02,6.685190482899128e-03,-2.938893538149267e-02,-2.156595100796760e-02,7.323042436005423e-03,4.800726740966006e-02,-2.975589696252996e-02,-6.543824801242404e-03,1.943509127625167e-02,-2.577420133138715e-02,2.773406688364292e-02,9.401322588114958e-03,3.340692978572558e-02,4.204219293302902e-02,8.041417515367022e-03,4.774656736254122e-02,4.974686608588563e-02,-2.387100391146874e-02,-2.545263196999663e-02,-3.572451077093582e-02,1.638169399561437e-02,-4.599010770787729e-02,3.466080723682685e-02,-2.174544555793713e-02,3.203413178241846e-02,-1.848914930700960e-02,-2.073020377016690e-02,2.761476788999202e-02,-3.879212772769235e-02,7.818410077656934e-03,-3.736539439991220e-02,-4.431390675165542e-02,-3.548358919610995e-03,-3.199836845163592e-02,-4.664716126026341e-02,-3.979142859494966e-02,-4.755866155530898e-02,1.098588981874096e-02
2.160828080737661e-02,-2.690755342923490e-03,-2.270669926418008e-02,1.833739616956249e-02,-1.721991271857798e-02,3.686049080031806e-02,2.343396713616186e-02,8.901415293011894e-03,3.517677456288143e-01,1.036144457563475e+00,3.768298391592145e-01,3.281602926246349e-02,-4.528129340511977e-02,-1.495751566248079e-02,2.833068456616833e-02,-5.736626241374609e-03,4.137276186107171e-02,1.433920036153131e-02,3.779557857110632e-02,6.563541251708016e-03,-4.426712680223928e-02,3.686907014903714e-02,1.809815716400128e-02,4.839023369544616e-02,-4.048557217813718e-02,-2.037050512129718e-02,1.325472751834491e-02,2.364314138455101e-02,-1.106390436235116e-03,3.588251142752574e-02,1.623114007856276e-02,1.668461365904904e-02,2.367325020800851e-02,-4.197411469067686e-02,-1.837478423548892e-02,2.963668835607167e-02,1.121107221148232e-02,-1.848737211705967e-02,2.930631086240598e-02,-1.883021198902021e-02,-3.713253768485005e-02,-1.000442000335361e-02,2.370804984839949e-02,3.987563986826206e-02,3.797107418926979e-02,2.380636866069589e-02,-1.615741388795836e-02,1.214431219465992e-02,-2.770809672530902e-02,1.879054255394264e-02
4.857780752573612e-02,2.630185626468714e-02,2.259410131084353e-02,4.227702525296513e-02,3.733581451183773e-02,-2.829721577716052e-02,1.692746631514136e-02,-4.304329737467984e-02,-4.078344874364465e-02,3.768298391592145e-01,1.011465659994891e+00,3.805889667141543e-01,3.761531340155631e-02,2.468373963331562e-02,-1.397148554488653e-02,-1.133314245216643e-02,-2.949289362049695e-02,3.137663346352198e-02,3.312383643168191e-02,-2.417024761247619e-02,1.696251776426722e-02,3.094699090970662e-02,2.711492523785886e-03,-2.157631905949680e-02,4.976655150476326e-02,3.823300582919489e-02,7.639651965228711e-03,-3.921306714598193e-02,3.708248512139578e-04,-2.351704050911638e-02,-1.862781305760941e-02,-3.845226905841709e-02,-3.017445510677234e-02,3.357805533423617e-02,-1.307443018753418e-02,-3.664747171640716e-02,-1.987321110269781e-02,2.633345327802685e-02,4.624885383467197e-02,-2.430117789093158e-02,-4.261485303405008e-02,-4.573777986200442e-02,4.755803659633207e-02,2.302401604072779e-03,4.699291632115687e-02,4.464048323327841e-03,2.424064557022859e-02,-3.756741275269759e-03,-1.436094650340982e-02,-2.522432494753667e-02
-3.198825582452029e-02,-4.029945291511255e-02,-3.142265346575847e-02,3.827551399845586e-02,-2.312803880754790e-02,4.324793469387340e-02,-2.020435825797068e-02,2.905150924861460e-02,-2.717672658831524e-02,3.281602926246349e-02,3.805889667141543e-01,9.735330104808776e-01,3.462135838592209e-01,4.053920612267804e-02,2.113264174780899e-02,4.027215204758997e-02,-3.600359346477568e-02,1.584310295265921e-02,-3.945847428737469e-02,-3.911105621218983e-02,4.922084584176778e-02,4.221075752196993e-02,2.849757239974740e-02,6.544677759236928e-03,2.409827368817238e-02,3.320862867194000e-02,6.426067480276832e-03,1.651871716414929e-02,3.837634056440023e-02,2.093835900676324e-02,-2.505778718609789e-02,-4.261079756005081e-02,-3.737414770897868e-02,-1.211882694730889e-02,-3.079754443604823e-02,-2.492019723233485e-02,1.980797890442491e-02,-2.721978797990493e-02,-1.314334991851263e-02,4.331547532120370e-02,-3.218571067342859e-02,-4.504734516573411e-02,-1.332242253246529e-02,2.229957436877325e-02,-1.009289774814361e-02,-4.615567967312683e-02,-4.646063510815453e-02,4.661494443429916e-02,-3.365040680023160e-02,3.288727578962325e-03
1.474151559269784e-02,-1.422379361094032e-02,-3.648316081583282e-02,1.739244829174991e-03,-1.146866210514127e-02,2.113174827190790e-02,3.402715015392610e-02,1.297277898953320e-03,-3.512692544638826e-02,-4.528129340511977e-02,3.761531340155631e-02,3.462135838592209e-01,1.014891500670949e+00,2.918484673324079e-01,2.918792176246361e-02,3.884856203019260e-02,1.890682168294035e-02,1.333234370948269e-02,-3.325873280031364e-02,4.637445432791321e-02,-1.732750718467727e-02,-2.641866719023794e-02,1.386754709383042e-03,-4.366699476583508e-02,4.561235930287406e-02,1.041401448830692e-03,1.436275664625942e-02,3.268792794620804e-02,1.940860301084795e-02,2.422473438642937e-02,-2.744768830018373e-02,-3.744411175520752e-02,4.926168969250397e-02,-1.449306634897163e-03,9.588159828539078e-03,-2.494649778897462e-02,1.752237793769991e-02,-9.165722659482135e-03,3.690333148466488e-02,7.704601425474101e-03,-3.125196892308614e-02,-1.966966821542423e-02,8.974783012933641e-04,-3.608450895064326e-02,4.014353504185806e-02,-3.668616589899141e-02,-1.516316887449727e-02,4.903251956754073e-02,2.586999676066341e-02,-5.802786446129227e-03
-2.385402648212737e-02,-2.557651312568925e-02,-4.985956509873127e-02,1.971922040451137e-02,-8.541975652410183e-03,3.194699466309899e-02,-3.509080515835580e-02,-4.362788060216591e-02,6.685190482899128e-03,-1.495751566248079e-02,2.468373963331562e-02,4.053920612267804e-02,2.918484673324079e-01,9.959096385566516e-01,3.249104236772744e-01,-3.884826747620192e-02,-4.805076359780356e-02,8.491062677812146e-03,-2.799490106780353e-02,-4.307683851878485e-02,-4.211502999149465e-02,-7.645891541120287e-03,-2.956398894257270e-02,-1.880257507742553e-02,4.818582732483988e-02,-1.731180782789700e-02,-4.068070763183274e-04,2.679765623601980e-02,-3.770103830011617e-02,-1.852080154368279e-02,3.448190356255454e-03,-1.446543593871608e-03,-3.265003540249629e-02,3.818716520209817e-02,-2.102049124969796e-03,3.126991393922325e-02,-2.509485839567373e-02,4.291197085220658e-02,-2.775986135303409e-02,-4.155938242817488e-02,1.253560714744653e-02,2.354156478820315e-02,-1.845567315933605e-02,-2.382595344569824e-02,-4.450356284499089e-02,-4.207299588966943e-02,2.745570438957034e-02,3.311301626713890e-02,3.299232342011497e-02,1.046769201429545e-02
4.601305847253780e-02,1.720257015793656e-02,3.487560871669308e-02,3.149674229033774e-02,2.471371250688327e-02,3.197515367369449e-02,1.857435892655400e-02,-4.221962994199573e-02,-2.938893538149267e-02,2.833068456616833e-02,-1.397148554488653e-02,2.113264174780899e-02,2.918792176246361e-02,3.249104236772744e-01,9.504058684616158e-01,2.859243281794551e-01,1.889558771760790e-02,-4.571505011529416e-02,4.775804540824805e-02,4.975962746461074e-02,2.319504743551722e-02,4.251905819384827e-02,-1.684811684916832e-03,-4.402631642565805e-02,-1.372011206823864e-02,-4.502829852799384e-03,-4.108655689592175e-02,4.318567960173706e-02,2.307181053661052e-02,2.293994242601065e-02,-9.488948602609404e-04,-3.027188341345755e-02,-2.873177893569974e-02,4.765187590775612e-02,-3.230173555663766e-02,-3.654223408392070e-02,-2.182604144772313e-02,3.945091853526661e-03,-4.348397500228644e-02,4.183797453245559e-02,-4.716008582285178e-02,-1.948195165273135e-02,-3.725640732272289e-02,-2.458595361138976e-02,-1.888180258008673e-02,3.750692488936588e-02,-1.255632100500015e-03,-1.700210060580854e-04,-3.942472129939807e-02,4.780357318902573e-02
1.522226691257259e-02,2.796794984109022e-02,1.735730626198653e-02,-2.052741861537755e-02,-5.725076722698285e-04,1.387859772263477e-02,-5.250688314483121e-03,1.229795847796602e-02,-2.156595100796760e-02,-5.736626241374609e-03,-1.133314245216643e-02,4.027215204758997e-02,3.884856203019260e-02,-3.884826747620192e-02,2.859243281794551e-01,1.016767751840638e+00,3.715109311389297e-01,6.301359876166335e-03,2.338240447300063e-02,4.375910166086560e-02,-2.110146917065491e-02,-4.577027405821672e-02,-4.058431084953227e-02,-2.905359312688988e-02,-2.186097237815045e-02,3.788747216854907e-02,2.660838690723100e-03,4.552147965802156e-02,3.197004609873037e-02,-5.488535021897778e-03,-2.049946752342548e-02,1.876703314761710e-02,2.895000107485313e-03,3.079719659237265e-02,-4.544721875199438e-02,3.774635189974158e-02,3.152720842035071e-02,-3.770303855456826e-02,1.470418236096499e-02,1.666907375267586e-02,-2.501268695282300e-03,-1.460798074657184e-02,3.177241991760409e-02,2.919840019188358e-02,3.562980008483548e-02,3.462015208735773e-02,-4.055189418622469e-02,3.487601742143640e-02,-1.545877411883462e-02,-2.956953609401136e-02
1.496993053292508e-02,-3.064159612822026e-02,-4.537345331292209e-03,-1.960316951663182e-02,-4.703324314073414e-02,-1.839666672833761e-02,4.431944800077528e-02,-2.596067885890849e-02,7.323042436005423e-03,4.137276186107171e-02,-2.949289362049695e-02,-3.600359346477568e-02,1.890682168294035e-02,-4.805076359780356e-02,1.889558771760790e-02,3.715109311389297e-01,9.680472438418446e-01,2.908555884826118e-01,-2.302211640538437e-02,4.505007934856753e-03,-3.416907693543126e-03,-3.841550857157128e-03,-3.605105817970855e-02,1.319758740950348e-02,2.557418134966779e-02,-1.794415208975614e-02,-2.270058059565365e-02,-2.886639315645079e-02,1.772516610638444e-02,3.038798357991145e-02,-2.862445371670978e-02,4.137494594246358e-02,-4.298480935034427e-02,2.488599187052787e-03,-1.116066596882461e-02,-1.925138646842731e-02,-1.185784127026523e-02,4.170640044407848e-03,-4.499102385966301e-02,-3.623660818071173e-03,-4.655407839062597e-04,5.794905308953303e-03,2.455314138472471e-02,3.942814804326909e-02,3.581253125739562e-02,-9.866058293582780e-05,-3.983990128527779e-02,3.796917717594205e-02,-4.912861695214393e-02,2.054671659250643e-02
-2.377933603221540e-02,3.238227645719362e-02,-2.584737417205889e-02,3.154827526341778e-02,1.169295786045772e-02,-1.895679472743127e-02,-4.797660586969288e-02,1.310504931387699e-02,4.800726740966006e-02,1.433920036153131e-02,3.137663346352198e-02,1.584310295265921e-02,1.333234370948269e-02,8.491062677812146e-03,-4.571505011529416e-02,6.301359876166335e-03,2.908555884826118e-01,1.001244130242659e+00,3.224913293489837e-01,3.527621151024918e-02,4.651682666578919e-02,-7.233084426282167e-03,3.748223868930423e-03,2.487721033483472e-02,-1.458293850809089e-03,-3.163495784376581e-02,4.506382312101270e-02,1.893571972262630e-02,-2.494692619365775e-02,1.830127732577059e-02,-1.059714972516373e-02,-1.691210100352585e-02,-1.845138825123106e-02,3.427871626152073e-02,-4.783998222232924e-02,1.253909304761407e-02,-1.368188954730958e-02,3.925871521213301e-02,1.524220148028031e-02,8.100915616015448e-04,-1.735179976460800e-02,-3.082715246905049e-02,9.644510999997469e-03,-2.687317903715891e-03,8.425996808405412e-03,3.644345708771716e-02,2.088813932241848e-02,4.807002546285300e-04,1.230258514935363e-02,-8.752555553417840e-03
-1.058920344128935e-02,-4.400539343093018e-02,-2.497096021626440e-02,5.848125797974557e-04,-4.141368236727772e-02,3.211952621867945e-02,-3.814064257904293e-03,1.479787619888195e-02,-2.975589696252996e-02,3.779557857110632e-02,3.312383643168191e-02,-3.945847428737469e-02,-3.325873280031364e-02,-2.799490106780353e-02,4.775804540824805e-02,2.338240447300063e-02,-2.302211640538437e-02,3.224913293489837e-01,1.010841416402878e+00,3.435315707699024e-01,-4.981613782286031e-02,4.762047290034412e-02,-4.993768184676185e-02,3.850179084109673e-04,3.567036482340900e-02,1.827941620913505e-02,-4.282589632706621e-02,4.255588706931952e-02,3.596398532290399e-02,-6.508192828537208e-04,2.837305704933956e-02,3.826551253388941e-02,-5.466109311740519e-04,1.338677381673428e-02,1.862362727397635e-02,3.151147659673841e-02,-2.844063525820094e-02,-9.005329305474997e-03,1.402982552913509e-02,3.034820206053018e-02,-8.251444144516928e-03,8.834531321131945e-03,7.556268160791879e-03,9.921200946686505e-03,-2.614191330659343e-02,2.475482698446108e-04,-4.031419402355273e-02,2.984553273508928e-03,-2.851849317009140e-02,2.436892998316177e-02
3.028706566855842e-02,3.325186304172684e-02,3.039713940457967e-02,1.758825242227660e-02,4.513758663543910e-03,-2.032953319567155e-03,-1.872437036343310e-02,-1.479285643669293e-03,-6.543824801242404e-03,6.563541251708016e-03,-2.417024761247619e-02,-3.911105621218983e-02,4.637445432791321e-02,-4.307683851878485e-02,4.975962746461074e-02,4.375910166086560e-02,4.505007934856753e-03,3.527621151024918e-02,3.435315707699024e-01,9.931281068457618e-01,3.356282399085314e-01,2.080163405257637e-02,-6.962634564181292e-03,-4.383051329674828e-02,-2.148659314213733e-02,3.632520595020361e-02,-3.077486154660641e-02,-3.205817081737339e-02,-1.926383742455583e-02,-2.503275391633678e-02,2.422634862191842e-03,3.743069306620313e-02,-1.260836442003908e-02,5.048984353467557e-03,1.124916137279475e-02,-1.074590798155465e-02,-1.967193794573189e-02,-1.369249940221576e-02,1.487682362096893e-02,2.172035713993186e-02,-3.381223432816133e-02,-4.572060298480510e-02,-2.391451589516268e-02,-6.426865459486075e-03,6.141019892142496e-03,5.776488792320600e-03,1.769634509467668e-02,-3.356161898067809e-02,-3.696937878797438e-02,1.694659581744036e-02
4.071167667628547e-02,4.722891328739357e-02,4.952055936450159e-02,-3.717371506532866e-02,4.896611656082080e-02,2.923918278192165e-02,1.005817437486002e-02,-1.138871601212521e-03,1.943509127625167e-02,-4.426712680223928e-02,1.696251776426722e-02,4.922084584176778e-02,-1.732750718467727e-02,-4.211502999149465e-02,2.319504743551722e-02,-2.110146917065491e-02,-3.416907693543126e-03,4.651682666578919e-02,-4.981613782286031e-02,3.356282399085314e-01,1.040106553691469e+00,3.748317412422884e-01,-4.429330701134460e-02,3.301098746266173e-02,-3.444278923702187e-02,3.521528426482246e-03,2.887945400919290e-02,-7.787270889905818e-03,3.600660993376321e-02,4.641574668203995e-02,1.095631045595118e-02,-4.028574955385525e-02,6.897032776422652e-03,-2.623087745186825e-04,2.248959178924315e-05,1.995965074795627e-02,1.967880740186249e-02,-3.667045381050156e-02,5.066972450230689e-03,1.315337069065039e-02,-4.747434395614330e-02,3.007575946953132e-02,-4.355952413168469e-02,-2.485842141747785e-03,4.640464899981017e-02,2.864335186838041e-04,-3.310049312102264e-02,1.514673774113098e-02,3.647550167328728e-02,-3.205855786600618e-02
-2.288029769354535e-02,1.243633461710669e-03,-4.998604518092147e-02,-1.360292497846807e-02,-1.980219144034519e-02,-6.346974941330652e-03,-5.256318668256777e-03,-1.518245348088193e-02,-2.577420133138715e-02,3.686907014903714e-02,3.094699090970662e-02,4.221075752196993e-02,-2.641866719023794e-02,-7.645891541120287e-03,4.251905819384827e-02,-4.577027405821672e-02,-3.841550857157128e-03,-7.233084426282167e-03,4.762047290034412e-02,2.080163405257637e-02,3.748317412422884e-01,1.010560469393559e+00,3.457752996926564e-01,-1.584532514323876e-02,-4.883818858085281e-02,-4.465045569640108e-02,-4.055802898168372e-02,2.822114570948615e-02,4.942605932438947e-02,-5.982918151912143e-03,-6.210867227722051e-03,-1.716006733769848e-03,-1.185357593369548e-02,-8.148972690121038e-03,8.071987918182788e-03,1.646276239110431e-02,-9.815092255645653e-03,3.995662048350645e-02,-2.991573890719490e-02,3.750292703345407e-02,2.161504737696440e-02,-1.344586454119014e-02,-6.315904109049864e-03,-3.417560000750384e-02,9.639588351020356e-03,3.534751865436877e-02,2.971022231581007e-02,-2.987323647032943e-02,-3.110999956010427e-02,-1.682036053974401e-03
-4.967206450232284e-02,-1.388142618427527e-02,-4.208032482151913e-02,-2.310460649078840e-02,-2.037174423716773e-02,-1.942256209923986e-02,-3.863106986452874e-02,4.497356478444340e-02,2.773406688364292e-02,1.809815716400128e-02,2.711492523785886e-03,2.849757239974740e-02,1.386754709383042e-03,-2.956398894257270e-02,-1.684811684916832e-03,-4.058431084953227e-02,-3.605105817970855e-02,3.748223868930423e-03,-4.993768184676185e-02,-6.962634564181292e-03,-4.429330701134460e-02,3.457752996926564e-01,1.019953151941754e+00,3.015504019368787e-01,1.009552249581612e-02,-4.924553351495144e-02,-1.612049600647636e-02,1.175851514192023e-02,-7.806665078942732e-03,-8.944516255603097e-03,1.991986459168267e-02,-4.891995321031775e-02,-1.048636509383592e-02,4.969328708239830e-02,1.897051970164714e-02,1.049223064010128e-02,8.657609067764239e-03,-4.177080408485621e-02,2.917130601622987e-02,1.368386454554650e-02,1.918229421881423e-03,-2.547915496633596e-02,5.250667310908142e-03,-2.054732002223212e-02,4.450409813946091e-02,-2.836995417248067e-02,-2.916661951103415e-02,4.438001624570671e-02,-3.938108593630327e-02,3.581433422292154e-02
9.857701580651690e-04,4.030358224595432e-03,9.350818646395587e-03,1.831938560513152e-02,-1.747893463071137e-02,3.724121652185586e-02,-4.908243435764512e-02,3.195833741750608e-02,9.401322588114958e-03,4.839023369544616e-02,-2.157631905949680e-02,6.544677759236928e-03,-4.366699476583508e-02,-1.880257507742553e-02,-4.402631642565805e-02,-2.905359312688988e-02,1.319758740950348e-02,2.487721033483472e-02,3.850179084109673e-04,-4.383051329674828e-02,3.301098746266173e-02,-1.584532514323876e-02,3.015504019368787e-01,9.850154021051600e-01,3.514698335102912e-01,-2.668938700848226e-02,1.300346418108660e-02,3.459642063994237e-02,4.711157962008035e-02,-1.872886516155081e-02,-5.924417269285099e-03,-2.835658213165971e-03,-4.623197333445498e-02,2.814074513295518e-02,-4.730076580318148e-02,-5.896740543779711e-03,2.847270877893379e-02,2.855499297076088e-02,-4.193121323643761e-02,-2.034139768376948e-02,-2.332958229075781e-02,6.045630668329927e-03,1.488587575693993e-02,9.499790947543198e-03,6.784000301966131e-03,-1.782459730690008e-02,1.512667984892203e-02,4.927400648285898e-02,-7.064891946106489e-04,-3.109773769150903e-03
-4.207305149607432e-02,-4.552042839471560e-03,2.085135776604041e-02,2.241819962311264e-02,-2.414254333445158e-02,4.567056702800743e-03,4.793835244076675e-02,-1.401154851119826e-02,3.340692978572558e-02,-4.048557217813718e-02,4.976655150476326e-02,2.409827368817238e-02,4.561235930287406e-02,4.818582732483988e-02,-1.372011206823864e-02,-2.186097237815045e-02,2.557418134966779e-02,-1.458293850809089e-03,3.567036482340900e-02,-2.148659314213733e-02,-3.444278923702187e-02,-4.883818858085281e-02,1.009552249581612e-02,3.514698335102912e-01,1.049139985295569e+00,3.043464063087693e-01,-3.193122574847447e-02,4.061964737910976e-02,3.787236579381664e-02,-1.385803853153802e-02,2.914396016848292e-02,-1.745596092378932e-03,3.596448924753912e-02,2.087901342187079e-02,-2.833004806080455e-02,4.809792721263726e-02,4.979688578157845e-02,3.610626413499396e-02,-3.237275487034219e-02,-3.273484067865973e-02,-8.613017930910793e-03,1.242480776199771e-02,-6.762844034742066e-03,3.087394097869093e-02,-3.185299949520089e-02,1.685370373544890e-02,-1.025139583199797e-02,4.067280906438774e-02,2.304266461184479e-02,-8.252188274572391e-03
5.843812034855855e-03,-3.140106584522373e-03,-3.039563901742437e-02,2.382376371312217e-02,1.696515155665343e-02,2.645527092294409e-03,2.576804543117803e-02,-2.558716393472726e-02,4.204219293302902e-02,-2.037050512129718e-02,3.823300582919489e-02,3.320862867194000e-02,1.041401448830692e-03,-1.731180782789700e-02,-4.502829852799384e-03,3.788747216854907e-02,-1.794415208975614e-02,-3.163495784376581e-02,1.827941620913505e-02,3.632520595020361e-02,3.521528426482246e-03,-4.465045569640108e-02,-4.924553351495144e-02,-2.668938700848226e-02,3.043464063087693e-01,9.762820231324687e-01,3.541752701449244e-01,-1.698695245500421e-02,-7.427548357525460e-03,2.019324629370345e-03,-2.899561294589518e-02,-4.865834741913377e-02,-4.157001237280433e-02,-1.936275421499060e-02,-3.634718746189396e-02,1.423561920725300e-02,-2.875011728762746e-02,4.009758204400649e-03,7.167581033189064e-03,-1.297892372028523e-02,-3.321721908743146e-02,-1.976240687483337e-02,-8.321414370507374e-03,4.322539279586449e-02,1.749726893154583e-02,-7.794085919809558e-03,-2.112463992287650e-03,1.027208198648100e-03,3.701130601074600e-02,1.676558510739730e-02
3.980041251530482e-02,-2.791037352418490e-02,-4.114636461606535e-02,1.869898460084127e-02,1.448829158484447e-02,4.481659938030924e-03,-2.347173472354496e-02,-4.974871052700474e-02,8.041417515367022e-03,1.325472751834491e-02,7.639651965228711e-03,6.426067480276832e-03,1.436275664625942e-02,-4.068070763183274e-04,-4.108655689592175e-02,2.660838690723100e-03,-2.270058059565365e-02,4.506382312101270e-02,-4.282589632706621e-02,-3.077486154660641e-02,2.887945400919290e-02,-4.055802898168372e-02,-1.612049600647636e-02,1.300346418108660e-02,-3.193122574847447e-02,3.541752701449244e-01,9.975979896135927e-01,3.415974865908344e-01,4.308337079467139e-02,-3.908541587683594e-02,3.166697912087357e-02,-3.832750190628655e-02,1.061539379166716e-02,-2.166390003178402e-02,1.724356040068460e-02,-4.974493396935136e-02,3.091444567688565e-02,-9.680858794591907e-03,-2.352507615267903e-02,-1.126768995059160e-02,-2.551921563393775e-02,-2.743224185008331e-03,-4.482634481078297e-02,8.889174252581978e-03,-2.165434067214856e-03,3.951017804131651e-03,4.211253693558104e-03,-1.579469860178187e-02,-1.341855032850193e-02,1.102731628281513e-02
-4.418666517626329e-02,-4.656900935879047e-02,-4.643209989454610e-02,-3.725631028067788e-02,5.000569832085789e-03,2.259056382441510e-02,-3.882171521762621e-02,3.978545899876889e-02,4.774656736254122e-02,2.364314138455101e-02,-3.921306714598193e-02,1.651871716414929e-02,3.268792794620804e-02,2.679765623601980e-02,4.318567960173706e-02,4.552147965802156e-02,-2.886639315645079e-02,1.893571972262630e-02,4.255588706931952e-02,-3.205817081737339e-02,-7.787270889905818e-03,2.822114570948615e-02,1.175851514192023e-02,3.459642063994237e-02,4.061964737910976e-02,-1.698695245500421e-02,3.415974865908344e-01,9.582366965949034e-01,2.890371555630168e-01,-3.015178149271185e-02,-1.299477355543004e-02,4.766561602785688e-02,-4.009025381853645e-02,7.522262452509843e-03,-8.178945139634509e-03,-4.180436833737977e-02,1.905569026125964e-02,-1.432283643140408e-04,-2.067555445498526e-02,6.645091580230200e-03,2.582718637026361e-02,8.789372857102662e-03,-3.401882378638484e-02,3.782953121927152e-02,-3.823623524384001e-02,1.661678620310424e-02,1.598059099729857e-02,3.357286250629304e-02,7.514394486967980e-03,4.947308298910121e-02
-2.015278800084285e-02,-2.837646106105820e-02,3.741858629013994e-03,1.395293172612432e-02,4.688490579008669e-02,-3.441901806525007e-02,4.318303394066961e-02,4.398009879249037e-02,4.974686608588563e-02,-1.106390436235116e-03,3.708248512139578e-04,3.837634056440023e-02,1.940860301084795e-02,-3.770103830011617e-02,2.307181053661052e-02,3.197004609873037e-02,1.772516610638444e-02,-2.494692619365775e-02,3.596398532290399e-02,-1.926383742455583e-02,3.600660993376321e-02,4.942605932438947e-02,-7.806665078942732e-03,4.711157962008035e-02,3.787236579381664e-02,-7.427548357525460e-03,4.308337079467139e-02,2.890371555630168e-01,1.022081046417298e+00,3.271620511003548e-01,3.587971750306407e-03,1.098144348668920e-02,-1.454246186206023e-02,-3.623359005080277e-02,-3.844427670304795e-02,-2.887218728179854e-02,3.532614103261537e-02,-1.211464330857279e-02,-2.149670649586906e-02,1.207572538220434e-02,3.377887656149563e-02,3.708902494148637e-02,2.832836769330904e-02,-2.102095535029691e-02,4.111357003757770e-02,1.141787630477498e-03,-3.053705047929288e-02,-4.168461936664233e-02,-2.498531576384787e-02,-1.311154413697523e-02
1.450769599842475e-02,-4.856118931203917e-02,-1.791691194407830e-03,-1.543054962443612e-02,-3.099877823351860e-02,3.423615499932098e-03,-2.868397255334037e-02,-4.764430946229639e-02,-2.387100391146874e-02,3.588251142752574e-02,-2.351704050911638e-02,2.093835900676324e-02,2.422473438642937e-02,-1.852080154368279e-02,2.293994242601065e-02,-5.488535021897778e-03,3.038798357991145e-02,1.830127732577059e-02,-6.508192828537208e-04,-2.503275391633678e-02,4.641574668203995e-02,-5.982918151912143e-03,-8.944516255603097e-03,-1.872886516155081e-02,-1.385803853153802e-02,2.019324629370345e-03,-3.908541587683594e-02,-3.015178149271185e-02,3.271620511003548e-01,9.798696701077172e-01,3.015592702190996e-01,-4.283150764691776e-02,4.424039525692489e-02,2.554053524176832e-02,1.936925897089250e-02,4.124102959452615e-02,4.918124457575808e-02,4.691219018734435e-02,-1.535502895268228e-02,1.783977216838956e-02,-2.245364046616505e-03,-3.299653434606033e-02,-3.521528881927564e-02,-6.597024233012472e-03,2.885206496037760e-02,2.285980663543634e-02,-1.893318598696877e-02,-4.060585995322456e-02,3.797950687543310e-02,3.560230102636890e-02
-7.955463184853174e-03,-1.988849272460380e-02,-3.279553275936138e-02,-4.716036045180101e-02,-2.500784931721291e-02,1.349286386147824e-02,-4.035683834404936e-02,2.398869704876971e-02,-2.545263196999663e-02,1.623114007856276e-02,-1.862781305760941e-02,-2.505778718609789e-02,-2.744768830018373e-02,3.448190356255454e-03,-9.488948602609404e-04,-2.049946752342548e-02,-2.862445371670978e-02,-1.059714972516373e-02,2.837305704933956e-02,2.422634862191842e-03,1.095631045595118e-02,-6.210867227722051e-03,1.991986459168267e-02,-5.924417269285099e-03,2.914396016848292e-02,-2.899561294589518e-02,3.166697912087357e-02,-1.299477355543004e-02,3.587971750306407e-03,3.015592702190996e-01,1.027519428875760e+00,3.616943306344787e-01,2.933621335995228e-02,-4.881378209090888e-02,1.356449248455087e-02,2.110398506641918e-02,1.433983343153197e-02,-2.370719811029348e-02,-2.910475657724777e-02,-1.066889230693378e-02,-2.119505705294827e-02,-1.592749153509632e-03,4.091505817538237e-02,-2.324262788691078e-03,4.245196942362928e-03,3.543947079672795e-02,-2.919238171206836e-02,1.217418448532484e-02,-4.564234275905105e-02,2.964312943999516e-02
3.197169383997903e-02,-1.516980110724130e-02,-2.138781377968646e-02,9.182614003115165e-03,-2.788622068631474e-02,3.099974576313720e-02,-4.370136121913112e-02,-3.903641419970427e-02,-3.572451077093582e-02,1.668461365904904e-02,-3.845226905841709e-02,-4.261079756005081e-02,-3.744411175520752e-02,-1.446543593871608e-03,-3.027188341345755e-02,1.876703314761710e-02,4.137494594246358e-02,-1.691210100352585e-02,3.826551253388941e-02,3.743069306620313e-02,-4.028574955385525e-02,-1.716006733769848e-03,-4.891995321031775e-02,-2.835658213165971e-03,-1.745596092378932e-03,-4.865834741913377e-02,-3.832750190628655e-02,4.766561602785688e-02,1.098144348668920e-02,-4.283150764691776e-02,3.616943306344787e-01,1.008693542807209e+00,3.170414751396264e-01,-4.781441512024640e-02,2.783210388920532e-02,-1.509719047018161e-02,4.614397276706000e-02,1.658242208674032e-03,-1.853323595644525e-02,4.099273385094560e-02,2.578747775723581e-02,3.071308399661687e-03,9.143428731725833e-03,7.526561833861467e-04,2.438601423627842e-02,4.053765939284662e-02,-4.533784758608298e-02,-3.619361736164221e-02,9.842787324269787e-03,-3.142985790843469e-02
-4.415687768859420e-02,-4.422918232044653e-02,-3.956997773212704e-02,-1.337328060292343e-02,-4.989102254598841e-02,2.451475251547215e-02,-7.299326875675172e-03,-2.732266519671281e-02,1.638169399561437e-02,2.367325020800851e-02,-3.017445510677234e-02,-3.737414770897868e-02,4.926168969250397e-02,-3.265003540249629e-02,-2.873177893569974e-02,2.895000107485313e-03,-4.298480935034427e-02,-1.845138825123106e-02,-5.466109311740519e-04,-1.260836442003908e-02,6.897032776422652e-03,-1.185357593369548e-02,-1.048636509383592e-02,-4.623197333445498e-02,3.596448924753912e-02,-4.157001237280433e-02,1.061539379166716e-02,-4.009025381853645e-02,-1.454246186206023e-02,4.424039525692489e-02,2.933621335995228e-02,3.170414751396264e-01,9.506388862987263e-01,3.179595604940892e-01,4.056414376393198e-02,-2.442162602580684e-02,-7.547727204794641e-03,-4.859381805018670e-03,-2.921049931854266e-02,8.030712011037611e-03,2.337233993595407e-02,3.353668664605491e-02,3.865441800871369e-02,2.191313639194625e-03,4.217149145768004e-02,-4.968513710128517e-02,2.997158906826652e-02,4.851107336173825e-02,-2.562345658905293e-02,-1.415898766982892e-02
1.869279425693109e-02,-1.607900726071869e-02,-2.587872468276631e-04,-2.522881798222283e-02,8.016256479745076e-03,-2.798058852840848e-02,5.738053123290222e-03,-2.391967598096544e-02,-4.599010770787729e-02,-4.197411469067686e-02,3.357805533423617e-02,-1.211882694730889e-02,-1.449306634897163e-03,3.818716520209817e-02,4.765187590775612e-02,3.079719659237265e-02,2.488599187052787e-03,3.427871626152073e-02,1.338677381673428e-02,5.048984353467557e-03,-2.623087745186825e-04,-8.148972690121038e-03,4.969328708239830e-02,2.814074513295518e-02,2.087901342187079e-02,-1.936275421499060e-02,-2.166390003178402e-02,7.522262452509843e-03,-3.623359005080277e-02,2.554053524176832e-02,-4.881378209090888e-02,-4.781441512024640e-02,3.179595604940892e-01,1.035987575172207e+00,3.491163919660163e-01,2.895605813427764e-02,2.457720802415227e-02,-3.376609358655951e-02,-1.182392677460000e-02,8.123925675505794e-03,-4.345263393608340e-02,4.095644510668717e-02,-4.463551797523231e-02,4.978984022554681e-02,1.656842008139358e-02,-3.682992524166729e-03,3.229311811717641e-02,-4.202879964181783e-02,3.577996239851170e-02,-3.999164216235163e-02
1.613651691037779e-02,4.591303036275166e-02,8.903804800797277e-03,-4.928461299482459e-02,-1.920493406501985e-02,-8.545355454538840e-03,-1.463252963507750e-02,4.696800150308744e-02,3.466080723682685e-02,-1.837478423548892e-02,-1.307443018753418e-02,-3.079754443604823e-02,9.588159828539078e-03,-2.102049124969796e-03,-3.230173555663766e-02,-4.544721875199438e-02,-1.116066596882461e-02,-4.783998222232924e-02,1.862362727397635e-02,1.124916137279475e-02,2.248959178924315e-05,8.071987918182788e-03,1.897051970164714e-02,-4.730076580318148e-02,-2.833004806080455e-02,-3.634718746189396e-02,1.724356040068460e-02,-8.178945139634509e-03,-3.844427670304795e-02,1.936925897089250e-02,1.356449248455087e-02,2.783210388920532e-02,4.056414376393198e-02,3.491163919660163e-01,9.891476249487107e-01,3.160047582003431e-01,4.856796050050782e-02,2.561957580022900e-03,1.003941202039321e-02,4.908454052186078e-02,4.898253923171665e-02,-4.985271231319811e-02,-3.369912807136622e-03,3.701106157708316e-02,-6.391215142468321e-04,3.655006172612396e-03,2.429776374269789e-02,7.460506874108142e-03,2.767556295993068e-02,4.385531096664411e-02
